2.8, 0.1
2.7, 0.1
2.7, 0.1
4.3, 1.8
6.4, 2.4
8.4, 4.5
10.3, 4.7
12.2, 6.9
13.9, 6.9
15.9, 8.5
17.8, 8.9
19.4, 9.2
20.8, 12.2
20.4, 12.2
20.9, 12.3
20.2, 12.3
19.9, 12.3
19.6, 12.3
19.3, 12.3
19.0, 12.3
18.7, 12.3
18.4, 12.3
18.3, 12.3
18.3, 12.3
18.1, 12.3
17.8, 12.3
18.7, 10.5
19.9, 12.3
21.0, 12.5
22.1, 14.6
22.5, 14.6
22.2, 14.6
23.2, 12.4
24.2, 14.6
25.2, 10.6
26.2, 12.5
26.5, 12.5
26.2, 12.5
25.9, 12.5
26.1, 12.5
26.0, 12.5
25.7, 12.5
25.4, 12.5
25.1, 12.5
24.8, 12.5
24.5, 12.5
24.3, 12.5
24.0, 12.5
23.7, 12.5
23.5, 12.5
23.3, 12.5
23.0, 12.5
22.8, 12.5
23.5, 10.6
24.3, 12.5
25.1, 12.4
25.8, 12.6
26.3, 12.6
26.1, 12.6
25.9, 12.6
25.6, 12.6
25.1, 12.6
24.9, 12.6
25.3, 12.6
25.1, 12.6
24.9, 12.6
24.6, 12.6
24.4, 12.6
24.2, 12.6
24.0, 12.6
23.8, 12.6
23.6, 12.6
23.4, 12.6
23.2, 12.6
23.0, 12.6
22.8, 12.6
22.6, 12.6
22.4, 12.6
22.2, 12.6
22.1, 12.6
22.6, 10.7
23.3, 12.5
23.9, 12.5
24.5, 14.7
24.7, 14.7
24.6, 14.7
24.7, 14.7
24.5, 14.7
24.4, 14.7
24.2, 14.7
24.0, 14.7
23.8, 14.7
23.7, 14.7
23.5, 14.7
23.3, 14.7
23.6, 12.5
24.1, 10.8
24.6, 12.6
24.4, 12.6
24.8, 12.6
24.6, 12.6
24.4, 12.6
24.3, 12.6
23.9, 12.6
23.8, 12.6
23.6, 12.6
23.5, 12.6
23.3, 12.6
23.2, 12.6
23.0, 12.6
22.9, 12.6
22.7, 12.6
22.8, 12.6
22.7, 12.6
22.5, 12.6
22.4, 12.6
22.3, 12.6
22.1, 12.6
22.2, 12.6
22.1, 12.6
21.9, 12.6
21.8, 12.6
21.9, 12.6
21.7, 12.6
21.8, 12.6
22.2, 12.8
22.7, 12.5
23.1, 13.1
23.5, 14.7
23.4, 14.7
23.2, 14.7
23.7, 10.7
24.1, 12.5
24.2, 12.6
24.2, 12.6
24.1, 12.6
23.9, 12.6
24.0, 12.6
23.9, 12.6
23.7, 12.6
23.9, 12.6
24.3, 12.6
24.1, 12.6
24.0, 12.6
23.9, 12.6
23.8, 12.6
23.6, 12.6
23.4, 12.6
23.3, 12.6
23.2, 12.6
23.0, 12.6
22.9, 12.6
22.8, 12.6
22.7, 12.6
22.6, 12.6
22.5, 12.6
22.4, 12.6
22.2, 12.6
22.1, 12.6
22.0, 12.6
21.9, 12.6
21.8, 12.6
21.7, 12.6
21.6, 12.6
21.5, 12.6
21.4, 12.6
21.3, 12.6
21.2, 12.6
21.1, 12.6
21.0, 12.6
20.9, 12.6
20.8, 12.6
20.7, 12.6
20.6, 12.6
20.5, 12.6
20.4, 12.6
20.4, 12.6
20.3, 12.6
20.2, 12.6
20.1, 12.6
20.0, 12.6
19.9, 12.6
20.3, 10.9
20.6, 12.7
20.8, 12.7
20.7, 12.7
20.6, 12.7
20.5, 12.7
20.4, 12.7
20.4, 12.7
20.3, 12.7
20.2, 12.7
20.0, 12.7
20.1, 12.7
20.0, 12.7
19.9, 12.7
19.9, 12.7
19.9, 12.7
19.8, 12.7
19.7, 12.7
19.7, 12.7
19.7, 12.7
19.6, 12.7
19.7, 12.7
19.6, 12.7
19.6, 12.7
19.5, 12.7
19.4, 12.7
19.3, 12.7
19.3, 12.7
19.2, 12.7
19.1, 12.7
19.4, 12.7
19.7, 12.6
20.0, 10.7
20.3, 12.6
20.6, 12.7
20.5, 12.7
20.4, 12.7
20.4, 12.7
20.3, 12.7
20.2, 12.7
20.1, 12.7
20.0, 12.7
20.0, 12.7
19.9, 12.7
19.8, 12.7
19.8, 12.7
19.7, 12.7
19.6, 12.7
19.6, 12.7
19.5, 12.7
19.4, 12.7
19.3, 12.7
19.3, 12.7
19.5, 12.9
19.6, 12.9
19.5, 12.9
19.4, 12.9
19.4, 12.9
19.3, 12.9
19.2, 12.9
19.2, 12.9
19.1, 12.9
19.0, 12.9
19.0, 12.9
18.9, 12.9
18.8, 12.9
18.8, 12.9
18.7, 12.9
18.7, 12.9
18.6, 12.9
18.5, 12.9
18.5, 12.9
18.4, 12.9
18.4, 12.9
18.3, 12.9
18.2, 12.9
18.2, 12.9
18.1, 12.9
18.1, 12.9
18.0, 12.9
17.9, 12.9
17.9, 12.9
17.8, 12.9
17.8, 12.9
17.7, 12.9
17.7, 12.9
17.6, 12.9
17.6, 12.9
17.5, 12.9
17.4, 12.9
17.4, 12.9
17.3, 12.9
17.5, 12.9
17.5, 12.9
17.4, 12.9
17.4, 12.9
17.3, 12.9
17.2, 12.9
17.1, 12.9
17.1, 12.9
17.0, 12.9
17.0, 12.9
16.9, 12.9
16.9, 12.9
16.8, 12.9
16.8, 12.9
16.7, 12.9
16.7, 12.9
16.6, 12.9
16.8, 12.9
17.1, 15.0
17.2, 15.0
17.2, 15.0
17.2, 15.0
17.1, 15.0
17.1, 15.0
17.0, 15.0
17.3, 11.1
17.5, 12.8
17.6, 12.9
17.6, 12.9
17.9, 13.1
18.1, 15.0
18.0, 15.0
18.2, 12.8
18.4, 13.4
18.6, 15.0
18.6, 15.0
18.5, 15.0
18.5, 15.0
18.4, 15.0
18.4, 15.0
18.5, 13.4
18.7, 11.0
18.9, 12.9
18.9, 12.9
18.9, 11.0
19.1, 11.0
19.4, 12.9
19.6, 11.0
19.8, 12.9
20.0, 11.1
20.2, 12.9
20.4, 12.9
20.6, 15.0
20.7, 15.0
20.6, 15.0
20.6, 15.0
20.6, 12.8
20.9, 11.2
21.1, 12.9
21.3, 12.9
21.5, 15.0
21.5, 15.0
21.5, 15.0
21.4, 15.0
21.4, 15.0
21.3, 15.0
21.5, 12.8
21.8, 15.0
21.8, 15.0
21.8, 15.0
21.8, 15.0
21.7, 15.0
21.7, 15.0
21.6, 15.0
21.6, 15.0
21.6, 15.0
21.5, 15.0
21.5, 15.0
21.5, 15.0
21.4, 15.0
21.4, 15.0
21.3, 15.0
21.4, 15.0
21.4, 15.0
21.3, 15.0
21.3, 15.0
21.2, 15.0
21.2, 15.0
21.1, 15.0
21.0, 15.0
21.0, 15.0
21.0, 15.0
20.9, 15.0
20.9, 15.0
20.9, 15.0
20.9, 15.0
20.8, 15.0
20.8, 15.0
20.7, 15.0
20.7, 15.0
20.6, 15.0
20.6, 15.0
20.7, 15.0
20.7, 15.0
20.6, 15.0
20.6, 15.0
20.5, 15.0
20.5, 15.0
20.4, 15.0
20.4, 15.0
20.3, 15.0
20.3, 15.0
20.3, 15.0
20.2, 15.0
20.2, 15.0
20.1, 15.0
20.1, 15.0
20.0, 15.0
20.1, 15.0
20.0, 15.0
20.0, 15.0
19.9, 15.0
19.9, 15.0
19.8, 15.0
19.9, 15.0
19.8, 15.0
19.8, 15.0
19.7, 15.0
19.7, 15.0
19.9, 11.1
20.1, 11.3
20.2, 11.1
20.4, 11.7
20.6, 12.9
20.7, 14.9
20.9, 12.8
21.1, 14.9
21.3, 13.5
21.4, 14.6
21.6, 13.5
21.8, 15.0
22.0, 13.5
22.1, 15.0
22.3, 11.2
22.5, 12.8
22.6, 12.9
22.8, 15.0
23.0, 12.9
23.1, 15.0
23.3, 11.3
23.5, 12.9
23.6, 11.2
23.8, 12.9
24.0, 11.2
24.1, 12.9
24.3, 11.2
24.4, 12.9
24.6, 11.2
24.8, 12.9
24.9, 11.2
25.1, 12.9
25.2, 11.2
25.4, 12.9
25.6, 11.2
25.7, 12.9
25.9, 11.2
26.0, 12.9
26.2, 11.2
26.3, 12.9
26.5, 12.9
26.6, 15.0
26.8, 12.9
26.9, 15.0
27.1, 12.9
27.2, 13.0
27.4, 11.2
27.5, 13.0
27.6, 13.0
27.8, 13.0
27.9, 13.0
27.9, 13.0
27.9, 13.0
27.8, 13.0
27.8, 13.0
27.7, 13.0
27.7, 13.0
27.6, 13.0
27.6, 13.0
27.5, 13.0
27.5, 13.0
27.4, 13.0
27.4, 13.0
27.3, 13.0
27.3, 13.0
27.2, 13.0
27.1, 13.0
27.1, 13.0
27.0, 13.0
27.0, 13.0
27.0, 13.0
27.0, 13.0
26.9, 13.0
26.9, 13.0
26.8, 13.0
26.8, 13.0
26.7, 13.0
26.7, 13.0
26.7, 13.0
26.6, 13.0
26.6, 13.0
26.6, 13.0
26.7, 11.2
26.9, 11.2
27.0, 11.3
27.2, 11.2
27.3, 11.4
27.4, 11.2
27.6, 12.8
27.7, 11.2
27.8, 12.9
27.9, 11.2
28.1, 12.9
28.2, 11.2
28.3, 11.2
28.5, 11.2
28.6, 12.9
28.7, 13.3
28.9, 12.9
29.0, 13.3
29.1, 12.9
29.3, 11.4
29.4, 11.2
29.5, 11.4
29.6, 11.2
29.8, 12.9
29.9, 11.2
30.0, 13.0
30.2, 11.2
30.3, 13.0
30.4, 11.2
30.5, 13.0
30.7, 11.2
30.8, 11.2
30.9, 11.2
31.0, 11.2
31.2, 11.3
31.3, 11.2
31.4, 11.4
31.5, 11.2
31.7, 12.8
31.8, 11.2
31.9, 12.9
32.0, 11.2
32.1, 13.0
32.3, 11.2
32.4, 13.0
32.5, 13.0
32.6, 13.0
32.7, 13.0
32.7, 13.0
32.7, 13.0
32.6, 13.0
32.6, 13.0
32.5, 13.0
32.4, 13.0
32.4, 13.0
32.3, 13.0
32.2, 13.0
32.2, 13.0
32.1, 13.0
32.1, 13.0
32.0, 13.0
32.0, 13.0
31.9, 13.0
31.9, 13.0
31.8, 13.0
31.8, 13.0
31.7, 13.0
31.7, 13.0
31.7, 13.0
31.6, 13.0
31.6, 13.0
31.5, 13.0
31.5, 13.0
31.4, 13.0
31.4, 13.0
31.3, 13.0
31.4, 13.0
31.3, 13.0
31.3, 13.0
31.2, 13.0
31.2, 13.0
31.1, 13.0
31.1, 13.0
31.0, 13.0
31.0, 13.0
31.1, 13.0
31.2, 15.0
31.3, 15.0
31.4, 15.0
31.6, 15.0
31.7, 15.0
31.7, 15.1
31.6, 15.1
31.6, 15.1
31.5, 15.1
31.4, 15.1
31.4, 15.1
31.3, 15.1
31.3, 15.1
31.2, 15.1
31.2, 15.1
31.2, 15.1
31.1, 15.1
31.1, 15.1
31.0, 15.1
31.0, 15.1
30.9, 15.1
30.9, 15.1
30.8, 15.1
30.8, 15.1
30.7, 15.1
30.7, 15.1
30.6, 15.1
30.6, 15.1
30.5, 15.1
30.5, 15.1
30.4, 15.1
30.4, 15.1
30.4, 15.1
30.3, 15.1
30.3, 15.1
30.2, 15.1
30.2, 15.1
30.1, 15.1
30.1, 15.1
30.0, 15.1
30.0, 15.1
29.9, 15.1
29.9, 15.1
29.9, 15.1
29.8, 15.1
29.8, 15.1
29.7, 15.1
29.7, 15.1
29.6, 15.1
29.6, 15.1
29.5, 15.1
29.5, 15.1
29.4, 15.1
29.4, 15.1
29.3, 15.1
29.3, 15.1
29.2, 15.1
29.2, 15.1
29.2, 15.1
29.1, 15.1
29.1, 15.1
29.0, 15.1
29.0, 15.1
29.0, 15.1
28.9, 15.1
28.9, 15.1
28.8, 15.1
28.8, 15.1
28.7, 15.1
28.7, 15.1
28.7, 15.1
28.6, 15.1
28.6, 15.1
28.5, 15.1
28.5, 15.1
28.5, 15.1
28.4, 15.1
28.4, 15.1
28.3, 15.1
28.3, 15.1
28.3, 15.1
28.2, 15.1
28.2, 15.1
28.1, 15.1
28.1, 15.1
28.1, 15.1
28.0, 15.1
28.0, 15.1
27.9, 15.1
27.9, 15.1
27.9, 15.1
27.8, 15.1
27.8, 15.1
27.7, 15.1
27.7, 15.1
27.6, 15.1
27.6, 15.1
27.6, 15.1
27.5, 15.1
27.5, 15.1
27.4, 15.1
27.4, 15.1
27.4, 15.1
27.3, 15.1
27.3, 15.1
27.3, 15.1
27.2, 15.1
27.2, 15.1
27.1, 15.1
27.1, 15.1
27.1, 15.1
27.0, 15.1
27.0, 15.1
27.0, 15.1
26.9, 15.1
26.9, 15.1
26.9, 15.1
26.8, 15.1
26.8, 15.1
26.8, 15.1
26.7, 15.1
26.7, 15.1
26.6, 15.1
26.6, 15.1
26.6, 15.1
26.5, 15.1
26.5, 15.1
26.5, 15.1
26.4, 15.1
26.4, 15.1
26.4, 15.1
26.3, 15.1
26.3, 15.1
26.3, 15.1
26.2, 15.1
26.2, 15.1
26.1, 15.1
26.1, 15.1
26.1, 15.1
26.0, 15.1
26.0, 15.1
26.0, 15.1
25.9, 15.1
25.9, 15.1
25.9, 15.1
25.8, 15.1
25.8, 15.1
25.8, 15.1
25.8, 15.1
25.8, 15.1
25.7, 15.1
25.7, 15.1
25.7, 15.1
25.6, 15.1
25.6, 15.1
25.6, 15.1
25.5, 15.1
25.5, 15.1
25.5, 15.1
25.5, 15.1
25.4, 15.1
25.4, 12.9
25.5, 13.0
25.6, 15.0
25.6, 15.0
25.6, 15.0
25.6, 15.0
25.5, 15.0
25.5, 15.0
25.5, 15.0
25.5, 15.0
25.4, 15.0
25.4, 15.0
25.4, 15.0
25.4, 15.0
25.4, 12.9
25.5, 11.5
25.6, 13.0
25.5, 13.0
25.5, 13.0
25.4, 13.0
25.4, 13.0
25.4, 13.0
25.4, 13.0
25.3, 13.0
25.3, 13.0
25.3, 11.2
25.4, 11.4
25.5, 11.2
25.6, 12.9
25.7, 13.0
25.6, 13.0
25.6, 11.2
25.7, 11.3
25.8, 11.2
25.9, 11.4
26.0, 13.0
26.0, 13.0
25.9, 13.0
25.9, 13.0
25.9, 13.0
25.9, 13.0
26.0, 11.2
26.1, 13.0
26.1, 13.0
26.0, 13.0
26.0, 13.0
26.0, 13.0
25.9, 13.0
26.0, 11.2
26.0, 11.3
26.1, 13.0
26.1, 13.0
26.1, 13.0
26.1, 13.0
26.0, 13.0
26.0, 13.0
26.0, 13.0
25.9, 13.0
25.9, 13.0
25.9, 13.0
25.9, 13.0
25.8, 13.0
25.8, 13.0
25.8, 13.0
25.7, 13.0
25.7, 13.0
25.8, 11.2
25.9, 13.0
26.0, 11.2
26.1, 13.0
26.2, 11.2
26.3, 13.0
26.3, 11.2
26.4, 13.0
26.5, 11.2
26.6, 12.9
26.7, 11.2
26.8, 12.9
26.8, 12.9
26.8, 12.9
26.7, 12.9
26.7, 12.9
26.7, 12.9
26.7, 12.9
26.6, 12.9
26.6, 12.9
26.6, 12.9
26.6, 12.9
26.5, 12.9
26.5, 12.9
26.6, 11.2
26.7, 12.9
26.7, 12.9
26.7, 12.9
26.7, 12.9
26.6, 12.9
26.6, 12.9
26.6, 12.9
26.6, 12.9
26.5, 12.9
26.5, 12.9
26.5, 12.9
26.5, 12.9
26.5, 12.9
26.6, 15.0
26.6, 15.0
26.6, 15.0
26.6, 15.0
26.6, 15.0
26.5, 15.0
26.5, 15.0
26.5, 15.0
26.5, 12.9
26.6, 13.4
26.7, 12.9
26.8, 11.4
26.9, 13.0
26.8, 13.0
26.8, 13.0
26.8, 13.0
26.8, 13.0
26.7, 13.0
26.7, 13.0
26.7, 13.0
26.7, 13.0
26.7, 13.0
26.6, 13.0
26.6, 13.0
26.6, 13.0
26.6, 13.0
26.6, 13.0
26.6, 13.0
26.5, 13.0
26.5, 13.0
26.6, 11.2
26.6, 12.9
26.7, 13.0
26.6, 13.0
26.7, 11.2
26.8, 12.9
26.8, 13.0
26.8, 13.0
26.8, 11.2
26.9, 13.0
26.9, 13.0
26.9, 13.0
26.9, 13.0
26.9, 13.0
26.8, 13.0
26.8, 13.0
26.9, 11.2
27.0, 13.0
27.0, 13.0
27.0, 13.0
27.0, 13.0
26.9, 13.0
26.9, 13.0
26.9, 13.0
26.9, 13.0
26.9, 13.0
27.0, 11.2
27.0, 11.2
27.1, 11.3
27.2, 11.2
27.3, 11.3
27.4, 11.2
27.4, 11.4
27.5, 11.2
27.6, 12.8
27.7, 11.2
27.7, 12.8
27.8, 11.2
27.9, 13.0
28.0, 11.2
28.0, 13.0
28.1, 11.2
28.2, 13.0
28.3, 13.0
28.3, 13.0
28.3, 13.0
28.2, 13.0
28.2, 13.0
28.2, 13.0
28.1, 13.0
28.1, 13.0
28.1, 13.0
28.1, 13.0
28.1, 13.0
28.2, 15.0
28.2, 15.0
28.2, 12.9
28.3, 13.1
28.3, 15.0
28.3, 15.0
28.4, 12.9
28.4, 12.9
28.5, 13.0
28.4, 13.0
28.4, 13.0
28.4, 13.0
28.4, 13.0
28.4, 13.0
28.4, 11.2
28.5, 12.9
28.6, 11.2
28.6, 12.9
28.7, 13.0
28.6, 13.0
28.6, 13.0
28.6, 13.0
28.6, 13.0
28.6, 13.0
28.6, 13.0
28.6, 13.0
28.5, 13.0
28.5, 13.0
28.5, 13.0
28.4, 13.0
28.4, 13.0
28.4, 13.0
28.4, 13.0
28.3, 13.0
28.3, 13.0
28.3, 13.0
28.3, 13.0
28.3, 13.0
28.2, 13.0
28.2, 13.0
28.2, 13.0
28.2, 13.0
28.2, 13.0
28.1, 13.0
28.1, 13.0
28.1, 13.0
28.1, 11.2
28.2, 11.4
28.2, 11.2
28.3, 11.4
28.4, 11.2
28.4, 11.4
28.5, 11.2
28.6, 11.4
28.6, 11.2
28.7, 11.3
28.8, 11.2
28.9, 11.3
28.9, 11.2
29.0, 11.3
29.1, 11.2
29.1, 11.2
29.2, 13.0
29.2, 13.0
29.2, 13.0
29.2, 13.0
29.1, 13.0
29.1, 13.0
29.1, 13.0
29.1, 13.0
29.1, 13.0
29.0, 13.0
29.1, 11.2
29.2, 13.0
29.2, 13.0
29.2, 11.2
29.3, 11.4
29.3, 13.0
29.3, 13.0
29.3, 13.0
29.2, 13.0
29.2, 13.0
29.2, 13.0
29.3, 11.2
29.3, 13.0
29.3, 13.0
29.3, 13.0
29.3, 13.0
29.2, 13.0
29.2, 13.0
29.2, 13.0
29.2, 13.0
29.1, 13.0
29.1, 13.0
29.1, 13.0
29.1, 13.0
29.1, 13.0
29.1, 13.0
29.2, 14.7
29.2, 15.0
29.2, 15.0
29.2, 15.0
29.1, 15.0
29.1, 15.0
29.1, 15.0
29.1, 15.0
29.1, 12.9
29.2, 14.9
29.2, 12.9
29.3, 12.9
29.4, 11.2
29.4, 13.0
29.5, 11.2
29.6, 13.0
29.6, 13.0
29.5, 13.0
29.5, 13.0
29.5, 13.0
29.5, 13.0
29.5, 13.0
29.4, 13.0
29.4, 13.0
29.4, 13.0
29.4, 11.2
29.5, 12.9
29.5, 13.0
29.5, 13.0
29.5, 11.2
29.6, 12.9
29.7, 11.2
29.7, 13.0
29.7, 13.0
29.7, 13.0
29.7, 13.0
29.7, 13.0
29.6, 13.0
29.6, 13.0
29.6, 13.0
29.6, 13.0
29.5, 13.0
29.5, 13.0
29.5, 13.0
29.5, 13.0
29.5, 13.0
29.4, 13.0
29.4, 13.0
29.4, 13.0
29.4, 13.0
29.4, 11.2
29.5, 13.0
29.5, 13.0
29.5, 13.0
29.5, 13.0
29.4, 13.0
29.4, 13.0
29.4, 13.0
29.4, 13.0
29.3, 13.0
29.3, 13.0
29.4, 11.2
29.4, 12.7
29.4, 13.0
29.4, 13.0
29.4, 13.0
29.4, 13.0
29.4, 13.0
29.4, 13.0
29.3, 13.0
29.3, 13.0
29.3, 13.0
29.3, 13.0
29.3, 13.0
29.3, 11.2
29.3, 11.5
29.4, 13.0
29.4, 13.0
29.3, 13.0
29.3, 13.0
29.4, 11.2
29.4, 12.9
29.5, 11.2
29.5, 12.6
29.6, 11.2
29.6, 12.9
29.7, 11.2
29.8, 13.0
29.8, 11.2
29.9, 11.2
30.0, 11.2
30.0, 11.2
30.1, 11.3
30.1, 11.2
30.2, 11.5
30.3, 11.2
30.3, 12.1
30.4, 11.2
30.4, 12.9
30.5, 11.2
30.6, 13.0
30.6, 11.2
30.7, 13.0
30.7, 11.2
30.8, 13.0
30.9, 11.3
30.9, 11.2
31.0, 11.5
31.0, 13.0
31.1, 14.9
31.2, 12.9
31.2, 15.0
31.3, 11.4
31.3, 13.0
31.4, 11.3
31.5, 11.3
31.5, 11.5
31.6, 13.0
31.6, 13.0
31.7, 13.0
31.7, 13.0
31.6, 13.0
31.6, 13.0
31.6, 13.0
31.6, 13.0
31.5, 13.0
31.5, 13.0
31.5, 13.0
31.4, 13.0
31.4, 13.0
31.4, 13.0
31.4, 13.0
31.3, 13.0
31.3, 13.0
31.3, 13.0
31.3, 13.0
31.2, 13.0
31.2, 13.0
31.2, 13.0
31.1, 13.0
31.1, 13.0
31.1, 13.0
31.1, 13.0
31.1, 13.0
31.0, 13.0
31.0, 13.0
31.0, 13.0
31.0, 11.2
31.1, 11.5
31.1, 13.0
31.1, 13.0
31.2, 11.2
31.2, 13.0
31.2, 13.0
31.2, 13.0
31.2, 11.2
31.3, 13.0
31.3, 13.0
31.3, 13.0
31.2, 13.0
31.2, 13.0
31.2, 13.0
31.2, 13.0
31.2, 13.0
31.1, 13.0
31.2, 11.2
31.2, 13.0
31.2, 13.0
31.2, 11.4
31.3, 11.2
31.3, 13.0
31.3, 13.0
31.3, 13.0
31.3, 11.3
31.4, 13.0
31.4, 13.0
31.4, 13.0
31.3, 13.0
31.3, 13.0
31.3, 13.0
31.3, 13.0
31.3, 13.0
31.2, 13.0
31.2, 13.0
31.2, 11.2
31.3, 12.9
31.3, 13.0
31.3, 13.0
31.3, 13.0
31.3, 13.0
31.2, 13.0
31.2, 13.0
31.2, 13.0
31.2, 13.0
31.2, 13.0
31.1, 13.0
31.1, 13.0
31.1, 13.0
31.1, 13.0
31.1, 13.0
31.1, 13.0
31.0, 13.0
31.0, 13.0
31.0, 13.0
31.0, 13.0
30.9, 13.0
30.9, 13.0
30.9, 13.0
30.9, 13.0
30.9, 13.0
30.8, 13.0
30.8, 13.0
30.8, 13.0
30.8, 13.0
30.7, 13.0
30.7, 13.0
30.7, 13.0
30.7, 13.0
30.7, 13.0
30.6, 13.0
30.6, 13.0
30.6, 13.0
30.6, 13.0
30.6, 13.0
30.6, 13.0
30.5, 13.0
30.5, 13.0
30.5, 13.0
30.5, 13.0
30.5, 11.2
30.5, 11.3
30.6, 13.0
30.5, 13.0
30.5, 13.0
30.5, 13.0
30.5, 13.0
30.5, 13.0
30.4, 13.0
30.5, 13.0
30.4, 13.0
30.4, 13.0
30.4, 13.0
30.4, 13.0
30.4, 13.0
30.3, 13.0
30.3, 13.0
30.3, 13.0
30.3, 13.0
30.3, 13.0
30.2, 13.0
30.2, 13.0
30.2, 13.0
30.2, 13.0
30.2, 13.0
30.2, 13.0
30.1, 13.0
30.1, 13.0
30.1, 13.0
30.1, 13.0
30.1, 13.0
30.1, 13.0
30.1, 13.0
30.1, 13.0
30.1, 13.0
30.0, 13.0
30.0, 13.0
30.0, 13.0
30.0, 13.0
29.9, 13.0
29.9, 13.0
29.9, 13.0
29.9, 13.0
29.8, 13.0
29.8, 13.0
29.8, 13.0
29.8, 13.0
29.8, 13.0
29.7, 13.0
29.7, 13.0
29.7, 13.0
29.7, 13.0
29.6, 13.0
29.6, 13.0
29.6, 13.0
29.6, 13.0
29.6, 13.0
29.6, 13.0
29.5, 13.0
29.5, 13.0
29.5, 13.0
29.5, 13.0
29.5, 13.0
29.5, 13.0
29.5, 13.0
29.4, 13.0
29.4, 13.0
29.4, 13.0
29.4, 13.0
29.4, 13.0
29.4, 11.3
29.5, 13.0
29.4, 13.0
29.4, 13.0
29.4, 13.0
29.4, 13.0
29.4, 13.0
29.4, 13.0
29.4, 13.0
29.3, 13.0
29.3, 13.0
29.3, 13.0
29.3, 13.0
29.3, 13.0
29.3, 13.0
29.3, 11.2
29.4, 13.0
29.3, 13.0
29.3, 13.0
29.3, 13.0
29.3, 13.0
29.3, 13.0
29.3, 13.0
29.2, 13.0
29.2, 13.0
29.2, 13.0
29.2, 13.0
29.2, 13.0
29.2, 13.0
29.2, 13.0
29.1, 13.0
29.1, 13.0
29.1, 13.0
29.1, 13.0
29.1, 13.0
29.1, 13.0
29.0, 13.0
29.0, 13.0
29.0, 13.0
29.0, 13.0
29.0, 13.0
29.0, 13.0
29.0, 13.0
29.0, 13.0
28.9, 13.0
28.9, 13.0
28.9, 13.0
28.9, 13.0
28.9, 13.0
28.8, 13.0
28.8, 13.0
28.8, 13.0
28.8, 13.0
28.8, 13.0
28.7, 13.0
28.7, 13.0
28.7, 13.0
28.7, 13.0
28.7, 11.2
28.8, 13.0
28.8, 13.0
28.8, 13.0
28.8, 14.9
28.8, 15.0
28.8, 15.0
28.9, 12.9
28.9, 15.0
28.9, 15.0
28.9, 15.0
28.9, 15.0
28.9, 15.0
28.9, 15.0
28.8, 15.0
28.8, 15.0
28.8, 15.0
28.8, 15.0
28.8, 15.0
28.8, 15.0
28.8, 15.0
28.7, 15.0
28.7, 15.0
28.7, 15.0
28.7, 15.0
28.7, 15.0
28.7, 15.0
28.6, 15.0
28.6, 15.0
