9.905747175216675
0.47319889068603516
0.2550957202911377
4.332777976989746
4.496624231338501
0.5610730648040771
4.713407039642334
0.6656389236450195
4.527944803237915
0.4428257942199707
2.5094363689422607
0.6531755924224854
0.35196685791015625
0.3004117012023926
0.2582721710205078
4.11245059967041
2.333770513534546
0.2752242088317871
0.28414487838745117
1.443603515625
2.603969097137451
0.27846860885620117
0.2562065124511719
0.2800323963165283
0.468425989151001
4.798575162887573
1.391387701034546
0.6961474418640137
2.2678582668304443
0.29918360710144043
2.48095965385437
2.2751150131225586
2.545431613922119
2.575838327407837
8.937949895858765
4.853167772293091
2.3715832233428955
0.35186171531677246
0.28998708724975586
0.2891521453857422
0.4426076412200928
0.2744412422180176
0.41353940963745117
0.7378330230712891
0.35708069801330566
0.30556344985961914
52.45352625846863
0.3507082462310791
0.30075860023498535
49.758087158203125
0.42314743995666504
0.44221019744873047
6.742662668228149
0.45615267753601074
0.2941124439239502
2.4432156085968018
0.33354711532592773
2.3452820777893066
0.3122828006744385
3.987349510192871
4.2396626472473145
0.27483510971069336
2.4027864933013916
2.1458020210266113
0.36819958686828613
0.347689151763916
12.880666971206665
0.2813684940338135
2.526298761367798
0.2681396007537842
0.261685848236084
2.1151349544525146
0.2916221618652344
0.2777059078216553
4.513289451599121
0.28931355476379395
0.32196879386901855
0.2781386375427246
0.29074907302856445
2.2349796295166016
2.17751407623291
2.437865734100342
0.2696399688720703
2.528877019882202
0.2651937007904053
0.2814290523529053
18.97766637802124
2.2801709175109863
2.2897603511810303
2.4505436420440674
0.28023719787597656
4.578105926513672
0.25757694244384766
0.5444667339324951
0.2685575485229492
0.36653637886047363
16.942647457122803
0.2753739356994629
0.31627941131591797
2.220247745513916
2.115239381790161
0.29110288619995117
2.475647211074829
0.26595282554626465
0.2977299690246582
2.2380175590515137
0.3120124340057373
8.211195230484009
0.2687664031982422
2.1730151176452637
4.353839635848999
0.28257179260253906
0.3507065773010254
2.2194130420684814
0.38721156120300293
2.3659043312072754
0.32677316665649414
0.27684473991394043
2.3752942085266113
40.635690212249756
0.2953050136566162
2.3966870307922363
2.253365993499756
2.2352495193481445
0.26539182662963867
2.1494829654693604
2.193668842315674
2.0256357192993164
0.32340574264526367
0.271085262298584
2.0385005474090576
0.26026296615600586
0.38314127922058105
0.596566915512085
0.31720709800720215
0.2651350498199463
0.2920217514038086
2.176223039627075
0.2908952236175537
0.32302355766296387
0.26715612411499023
0.2986893653869629
0.26293253898620605
0.27884674072265625
1.0190322399139404
0.27808690071105957
0.25293946266174316
0.30726194381713867
2.1440207958221436
0.27218103408813477
0.28188586235046387
0.26761817932128906
2.2586565017700195
0.24813032150268555
0.2614271640777588
0.3051443099975586
0.27851438522338867
0.26145315170288086
0.6032693386077881
2.152153968811035
1.9596166610717773
2.0123543739318848
0.26157450675964355
0.2580592632293701
0.3783698081970215
0.2476205825805664
