10.541378259658813
0.4829831123352051
0.2883889675140381
4.445884704589844
6.7621235847473145
0.6092879772186279
6.97608208656311
0.6392080783843994
4.6579389572143555
0.4409797191619873
2.4057364463806152
0.6337695121765137
0.33514904975891113
0.30583977699279785
0.30000972747802734
4.769314765930176
2.4872286319732666
0.29956769943237305
0.292651891708374
1.4729642868041992
2.645484209060669
0.2866830825805664
0.31752657890319824
0.28241682052612305
0.4649515151977539
4.773543119430542
1.3586738109588623
0.6709339618682861
2.19508957862854
0.29989147186279297
2.184563159942627
2.381462574005127
2.2664883136749268
2.3446784019470215
6.215458631515503
2.02398681640625
2.222754716873169
0.33405184745788574
0.3024144172668457
0.2694976329803467
0.4741830825805664
0.2910449504852295
0.3795647621154785
0.6714723110198975
0.37595224380493164
0.33373165130615234
48.20305514335632
0.3602452278137207
0.30158519744873047
48.62559270858765
0.4179513454437256
0.45655298233032227
6.486300945281982
0.48436522483825684
0.29570460319519043
2.5477733612060547
0.39382362365722656
2.740928888320923
0.32036280632019043
4.473088502883911
4.602507829666138
0.2908813953399658
2.4987592697143555
2.360703468322754
0.3842904567718506
0.3562448024749756
13.763273477554321
0.3278634548187256
2.637451648712158
0.2890584468841553
0.2828092575073242
2.336733102798462
0.30925941467285156
0.28908658027648926
4.804659605026245
0.2954883575439453
0.3339073657989502
0.28730034828186035
0.2993776798248291
2.3822622299194336
2.341212511062622
2.2921955585479736
0.28817033767700195
2.347188949584961
0.2628440856933594
0.2839937210083008
18.388596296310425
2.2181718349456787
2.2057478427886963
2.4808075428009033
0.28821587562561035
8.426262378692627
0.29767346382141113
0.49227452278137207
0.282151460647583
0.3832426071166992
6.278558015823364
0.2635970115661621
0.29009103775024414
2.1201391220092773
2.1541783809661865
0.2779819965362549
2.405471086502075
0.2668020725250244
0.27060437202453613
2.17775821685791
0.3366727828979492
8.08789873123169
0.2856767177581787
2.3974010944366455
4.349357604980469
0.27537083625793457
0.3426327705383301
2.2600936889648438
0.3806469440460205
2.212857723236084
0.3498115539550781
0.26821208000183105
2.359644889831543
43.102542877197266
0.33110570907592773
2.4092679023742676
2.2976486682891846
2.5311636924743652
0.30652952194213867
2.3216705322265625
2.3328425884246826
2.4867911338806152
0.3645901679992676
0.2959015369415283
2.4014430046081543
0.3039064407348633
0.40602922439575195
0.6462490558624268
0.3578348159790039
0.2977771759033203
0.33660149574279785
2.412260055541992
0.32170653343200684
0.32373833656311035
0.30991601943969727
0.3490109443664551
0.314251184463501
0.33037495613098145
1.0628910064697266
0.31247663497924805
0.28992509841918945
0.3355140686035156
2.5792927742004395
0.27744555473327637
0.28337669372558594
0.28953027725219727
2.379309892654419
0.2725400924682617
0.29132986068725586
0.3417787551879883
0.31801939010620117
0.293107271194458
0.6768286228179932
2.3312137126922607
2.5321295261383057
2.2922675609588623
0.30405092239379883
0.2872748374938965
0.3862004280090332
0.27550411224365234
