11.802534580230713
5.957499742507935
2.294153928756714
9.859078645706177
11.13788628578186
9.501717805862427
16.95318865776062
12.581241369247437
9.310135126113892
6.595865726470947
9.299010276794434
9.783719301223755
4.347034692764282
2.4177143573760986
2.3707275390625
10.06309700012207
5.446542739868164
1.9665167331695557
2.10019588470459
30.420628547668457
13.391185283660889
2.3996667861938477
2.9318974018096924
2.5731201171875
7.024977922439575
22.962856769561768
28.455279111862183
12.708906888961792
5.523471355438232
3.492041826248169
6.45467734336853
5.113063812255859
8.51096796989441
6.020454406738281
16.016411542892456
8.007196426391602
5.863995552062988
4.263017177581787
2.338731288909912
2.5048296451568604
6.3719165325164795
1.8358356952667236
5.72213077545166
12.522454738616943
5.374748945236206
3.1467177867889404
106.07818531990051
4.543337821960449
3.009054183959961
102.8842761516571
5.493334054946899
6.061746597290039
111.29203605651855
6.873374938964844
2.738905906677246
7.043440818786621
4.512786149978638
7.100219011306763
3.632071018218994
9.979878425598145
8.505867958068848
2.0893218517303467
8.522498369216919
5.3425068855285645
4.983283758163452
4.54370641708374
36.403932332992554
3.0334575176239014
7.574920892715454
2.4541544914245605
2.0614173412323
5.346583127975464
1.9888863563537598
1.8017635345458984
10.863242387771606
2.3004674911499023
3.608250617980957
1.9571340084075928
2.5753509998321533
4.8670854568481445
4.580310106277466
6.640560150146484
2.5444674491882324
6.282292604446411
1.7746782302856445
2.6744627952575684
37.48179364204407
5.283677101135254
5.310206174850464
5.684334993362427
2.798644781112671
10.170060873031616
1.9730916023254395
8.718637466430664
2.303128957748413
5.250102281570435
23.03388261795044
1.9869086742401123
2.9293088912963867
4.928943395614624
5.622518301010132
2.4746265411376953
8.230276823043823
2.140554904937744
2.9586455821990967
5.867009162902832
3.4272818565368652
18.571718215942383
2.4868805408477783
5.6761252880096436
12.501161098480225
2.9693729877471924
4.181885004043579
5.4048683643341064
5.521131277084351
4.670301675796509
4.25867772102356
2.4586427211761475
6.680872201919556
88.19204092025757
3.2581872940063477
5.717827320098877
5.890541315078735
6.835041761398315
2.5169553756713867
5.108119964599609
4.135352611541748
4.991331338882446
3.645465135574341
2.6214895248413086
5.915235996246338
2.757336378097534
5.466623783111572
11.316187381744385
4.210373163223267
2.611530303955078
3.6709115505218506
5.72314715385437
3.72051739692688
3.3972771167755127
3.526521921157837
3.9195094108581543
2.5935781002044678
3.1344048976898193
19.732118368148804
2.631854295730591
2.0475528240203857
4.016408920288086
6.440675497055054
2.1354591846466064
2.132122039794922
2.273909091949463
6.984953880310059
1.6886703968048096
2.5655460357666016
3.820596933364868
3.349782705307007
2.8213393688201904
11.450066089630127
5.593255281448364
5.633866786956787
6.000308275222778
2.1358489990234375
1.8909013271331787
5.6222779750823975
1.9565465450286865
