0, 114
0, 114
4, 174
2, 238
4, 238
0, 238
0, 238
4, 238
0, 366
0, 366
6, 366
7, 366
0, 366
0, 366
0, 366
0, 366
0, 366
0, 366
0, 366
0, 366
0, 366
3, 366
3, 366
0, 366
0, 366
0, 366
0, 366
0, 366
0, 366
0, 366
5, 366
3, 366
2, 366
5, 366
0, 366
2, 366
0, 366
0, 366
0, 366
0, 366
0, 366
0, 366
3, 366
3, 366
3, 366
11, 366
0, 366
6, 366
0, 366
0, 366
0, 366
0, 366
6, 366
3, 366
0, 366
7, 366
0, 366
0, 366
3, 366
2, 366
3, 366
0, 366
0, 366
0, 366
0, 366
0, 366
0, 366
0, 366
0, 366
0, 366
0, 366
0, 366
0, 366
0, 366
0, 366
0, 366
0, 366
0, 366
9, 366
1, 366
1, 366
1, 366
2, 366
2, 366
0, 366
0, 366
2, 366
4, 366
2, 366
0, 366
2, 366
1, 366
0, 366
0, 366
0, 366
0, 366
0, 366
8, 366
8, 366
0, 366
20, 622
0, 622
0, 622
0, 622
0, 622
0, 622
7, 622
15, 622
0, 622
0, 622
0, 622
0, 622
0, 622
0, 622
0, 622
0, 622
0, 622
0, 622
0, 622
0, 622
0, 622
0, 622
0, 622
0, 622
0, 622
0, 622
0, 622
0, 622
0, 622
0, 622
3, 622
2, 622
2, 622
1, 622
2, 622
2, 622
0, 622
10, 622
3, 622
7, 622
8, 622
8, 622
0, 622
1, 622
0, 622
0, 622
0, 622
0, 622
0, 622
0, 622
0, 622
0, 622
0, 622
0, 622
3, 622
2, 622
2, 622
0, 622
0, 622
2, 622
2, 622
0, 622
0, 622
2, 622
3, 622
3, 622
6, 622
2, 622
2, 622
4, 622
5, 622
0, 622
2, 622
0, 622
0, 622
0, 622
0, 622
0, 622
0, 622
0, 622
0, 622
0, 622
0, 622
0, 622
0, 622
0, 622
5, 622
4, 622
8, 622
0, 622
0, 622
0, 622
0, 622
0, 622
0, 622
0, 622
3, 622
6, 622
0, 622
0, 622
0, 622
0, 622
1, 622
1, 622
0, 622
0, 622
0, 622
0, 622
0, 622
0, 622
10, 622
3, 622
6, 622
3, 622
1, 622
5, 622
2, 622
0, 622
0, 622
0, 622
0, 622
3, 622
0, 622
0, 622
0, 622
4, 622
3, 622
0, 622
0, 622
0, 622
1, 622
2, 622
0, 622
0, 622
0, 622
0, 622
0, 622
8, 622
0, 622
8, 622
0, 1134
0, 1134
0, 1134
26, 1134
0, 1134
24, 1134
0, 1134
0, 1134
0, 1134
0, 1134
0, 1134
0, 1134
0, 1134
0, 1134
24, 1134
6, 1134
2, 1134
3, 1134
11, 1134
0, 1134
1, 1134
0, 1134
10, 1134
0, 1134
0, 1134
0, 1134
0, 1134
0, 1134
0, 1134
0, 1134
0, 1134
0, 1134
0, 1134
0, 1134
0, 1134
0, 1134
0, 1134
0, 1134
0, 1134
0, 1134
0, 1134
0, 1134
0, 1134
0, 1134
0, 1134
0, 1134
0, 1134
0, 1134
0, 1134
0, 1134
0, 1134
0, 1134
0, 1134
0, 1134
0, 1134
0, 1134
0, 1134
0, 1134
0, 1134
0, 1134
0, 1134
0, 1134
0, 1134
0, 1134
0, 1134
0, 1134
0, 1134
5, 1134
3, 1134
1, 1134
1, 1134
1, 1134
4, 1134
0, 1134
6, 1134
0, 1134
2, 1134
2, 1134
2, 1134
0, 1134
0, 1134
0, 1134
0, 1134
0, 1134
0, 1134
0, 1134
0, 1134
0, 1134
2, 1134
3, 1134
2, 1134
0, 1134
0, 1134
0, 1134
2, 1134
4, 1134
2, 1134
0, 1134
0, 1134
0, 1134
2, 1134
4, 1134
1, 1134
0, 1134
0, 1134
5, 1134
1, 1134
0, 1134
7, 1134
7, 1134
7, 1134
7, 1134
0, 1134
0, 1134
0, 1134
0, 1134
0, 1134
0, 1134
0, 1134
0, 1134
0, 1134
0, 1134
0, 1134
0, 1134
0, 1134
1, 1134
7, 1134
2, 1134
0, 1134
2, 1134
0, 1134
0, 1134
0, 1134
0, 1134
14, 1134
0, 1134
0, 1134
0, 1134
0, 1134
0, 1134
2, 1134
3, 1134
0, 1134
0, 1134
0, 1134
0, 1134
0, 1134
0, 1134
0, 1134
0, 1134
0, 1134
0, 1134
0, 1134
0, 1134
0, 1134
0, 1134
0, 1134
0, 1134
0, 1134
0, 1134
0, 1134
0, 1134
7, 1134
8, 1134
7, 1134
8, 1134
0, 1134
0, 1134
0, 1134
25, 1134
0, 1134
0, 1134
0, 1134
0, 1134
0, 1134
0, 1134
0, 1134
22, 1134
0, 1134
0, 1134
0, 1134
0, 1134
18, 1134
2, 1134
2, 1134
0, 1134
0, 1134
9, 1134
0, 1134
0, 1134
0, 1134
0, 1134
0, 1134
0, 1134
0, 1134
0, 1134
0, 1134
0, 1134
0, 1134
0, 1134
0, 1134
0, 1134
0, 1134
0, 1134
0, 1134
0, 1134
0, 1134
0, 1134
0, 1134
0, 1134
0, 1134
0, 1134
0, 1134
0, 1134
0, 1134
0, 1134
0, 1134
0, 1134
0, 1134
0, 1134
0, 1134
0, 1134
0, 1134
0, 1134
0, 1134
0, 1134
0, 1134
0, 1134
9, 1134
4, 1134
4, 1134
4, 1134
0, 1134
0, 1134
0, 1134
0, 1134
0, 1134
0, 1134
0, 1134
0, 1134
0, 1134
0, 1134
0, 1134
0, 1134
0, 1134
0, 1134
0, 1134
0, 1134
0, 1134
0, 1134
0, 1134
0, 1134
0, 1134
0, 1134
0, 1134
0, 1134
0, 1134
0, 1134
0, 1134
0, 1134
3, 1134
0, 1134
3, 1134
0, 1134
0, 1134
1, 1134
2, 1134
2, 1134
0, 1134
0, 1134
0, 1134
0, 1134
0, 1134
0, 1134
5, 1134
1, 1134
3, 1134
3, 1134
0, 1134
0, 1134
0, 1134
0, 1134
3, 1134
6, 1134
0, 1134
0, 1134
0, 1134
0, 1134
2, 1134
3, 1134
3, 1134
3, 1134
3, 1134
6, 1134
0, 1134
0, 1134
0, 1134
0, 1134
0, 1134
0, 1134
0, 1134
0, 1134
0, 1134
2, 1134
3, 1134
3, 1134
0, 1134
0, 1134
0, 1134
0, 1134
0, 1134
0, 1134
0, 1134
0, 1134
3, 1134
3, 1134
3, 1134
0, 1134
2, 1134
7, 1134
2, 1134
2, 1134
5, 1134
0, 1134
0, 1134
0, 1134
0, 1134
0, 1134
0, 1134
0, 1134
1, 1134
0, 1134
0, 1134
3, 1134
6, 1134
1, 1134
0, 1134
0, 1134
0, 1134
0, 1134
0, 1134
0, 1134
5, 1134
0, 1134
6, 1134
3, 1134
0, 1134
0, 1134
2, 1134
4, 1134
4, 1134
4, 1134
0, 1134
0, 1134
0, 1134
0, 1134
0, 1134
3, 1134
1, 1134
1, 1134
0, 1134
0, 1134
0, 1134
2, 1134
2, 1134
0, 1134
0, 1134
0, 1134
38, 1134
2, 1134
0, 1134
7, 1134
6, 1134
7, 1134
7, 1134
0, 1134
0, 1134
0, 1134
0, 1134
0, 1134
0, 1134
0, 1134
0, 1134
4, 1134
2, 1134
0, 1134
0, 1134
0, 1134
3, 1134
0, 1134
6, 1134
0, 1134
0, 1134
0, 1134
0, 1134
0, 1134
0, 1134
0, 1134
0, 1134
0, 1134
0, 1134
2, 1134
3, 1134
3, 1134
3, 1134
6, 1134
0, 1134
4, 1134
4, 1134
2, 1134
4, 1134
4, 1134
0, 1134
0, 1134
0, 1134
0, 1134
0, 1134
0, 1134
0, 1134
0, 1134
0, 1134
0, 1134
0, 1134
0, 1134
0, 1134
0, 1134
0, 1134
0, 1134
0, 1134
0, 1134
1, 1134
0, 1134
4, 1134
4, 1134
5, 1134
0, 1134
0, 1134
0, 1134
0, 1134
0, 1134
0, 1134
2, 1134
7, 1134
2, 1134
0, 1134
0, 1134
0, 1134
0, 1134
0, 1134
0, 1134
0, 1134
0, 1134
0, 1134
0, 1134
0, 1134
0, 1134
0, 1134
0, 1134
0, 1134
0, 1134
0, 1134
0, 1134
0, 1134
0, 1134
0, 1134
0, 1134
0, 1134
0, 1134
0, 1134
0, 1134
0, 1134
0, 1134
0, 1134
0, 1134
0, 1134
0, 1134
0, 1134
0, 1134
0, 1134
0, 1134
0, 1134
0, 1134
0, 1134
0, 1134
0, 1134
0, 1134
0, 1134
0, 1134
0, 1134
0, 1134
0, 1134
0, 1134
0, 1134
0, 1134
0, 1134
2, 1134
2, 1134
2, 1134
2, 1134
1, 1134
1, 1134
2, 1134
2, 1134
5, 1134
2, 1134
2, 1134
4, 1134
5, 1134
2, 1134
2, 1134
2, 1134
1, 1134
7, 1134
2, 1134
0, 1134
2, 1134
3, 1134
1, 1134
2, 1134
2, 1134
2, 1134
1, 1134
1, 1134
3, 1134
2, 1134
2, 1134
2, 1134
2, 1134
3, 1134
3, 1134
3, 1134
2, 1134
4, 1134
5, 1134
2, 1134
2, 1134
2, 1134
2, 1134
1, 1134
2, 1134
4, 1134
4, 1134
2, 1134
2, 1134
2, 1134
2, 1134
2, 1134
7, 1134
2, 1134
3, 1134
2, 1134
5, 1134
5, 1134
2, 1134
0, 1134
0, 1134
0, 1134
0, 1134
0, 1134
0, 1134
0, 1134
0, 1134
0, 1134
0, 1134
0, 1134
0, 1134
0, 1134
0, 1134
0, 1134
0, 1134
0, 1134
0, 1134
0, 1134
0, 1134
3, 1134
5, 1134
8, 1134
0, 1134
0, 1134
0, 1134
0, 1134
0, 1134
0, 1134
0, 1134
2, 1134
2, 1134
2, 1134
0, 1134
0, 1134
0, 1134
0, 1134
0, 1134
0, 1134
0, 1134
0, 1134
0, 1134
0, 1134
0, 1134
0, 1134
0, 1134
0, 1134
0, 1134
0, 1134
0, 1134
0, 1134
0, 1134
0, 1134
0, 1134
0, 1134
0, 1134
0, 1134
0, 1134
0, 1134
0, 1134
0, 1134
0, 1134
0, 1134
0, 1134
0, 1134
0, 1134
0, 1134
0, 1134
0, 1134
0, 1134
0, 1134
0, 1134
0, 1134
0, 1134
0, 1134
0, 1134
0, 1134
0, 1134
0, 1134
0, 1134
0, 1134
0, 1134
0, 1134
0, 1134
0, 1134
1, 1134
4, 1134
2, 1134
6, 1134
7, 1134
2, 1134
2, 1134
2, 1134
6, 1134
2, 1134
2, 1134
2, 1134
2, 1134
3, 1134
1, 1134
1, 1134
3, 1134
2, 1134
2, 1134
6, 1134
0, 1134
2, 1134
2, 1134
2, 1134
2, 1134
3, 1134
5, 1134
0, 1134
3, 1134
1, 1134
2, 1134
2, 1134
2, 1134
2, 1134
2, 1134
3, 1134
3, 1134
6, 1134
9, 1134
2, 1134
2, 1134
1, 1134
1, 1134
4, 1134
3, 1134
4, 1134
2, 1134
2, 1134
4, 1134
2, 1134
2, 1134
6, 1134
9, 1134
2, 1134
2, 1134
0, 1134
0, 1134
0, 1134
0, 1134
0, 1134
0, 1134
0, 1134
0, 1134
0, 1134
0, 1134
0, 1134
0, 1134
0, 1134
0, 1134
0, 1134
0, 1134
0, 1134
0, 1134
0, 1134
0, 1134
1, 1134
0, 1134
0, 1134
6, 1134
6, 1134
0, 1134
0, 1134
0, 1134
0, 1134
0, 1134
0, 1134
0, 1134
0, 1134
6, 1134
0, 1134
0, 1134
6, 1134
6, 1134
0, 1134
0, 1134
0, 1134
0, 1134
0, 1134
0, 1134
0, 1134
0, 1134
0, 1134
0, 1134
0, 1134
4, 1134
5, 1134
0, 1134
0, 1134
0, 1134
0, 1134
0, 1134
8, 1134
10, 2158
4, 2158
0, 2158
0, 2158
0, 2158
0, 2158
14, 2158
22, 2158
0, 2158
0, 2158
0, 2158
0, 2158
0, 2158
0, 2158
0, 2158
26, 2158
7, 2158
8, 2158
8, 2158
0, 2158
0, 2158
4, 2158
0, 2158
26, 2158
0, 2158
0, 2158
0, 2158
7, 2158
20, 2158
0, 2158
0, 2158
0, 2158
0, 2158
0, 2158
25, 2158
0, 2158
0, 2158
7, 2158
8, 2158
7, 2158
7, 2158
0, 2158
4, 2158
0, 2158
0, 2158
0, 2158
0, 2158
0, 2158
0, 2158
0, 2158
22, 2158
1, 2158
0, 2158
0, 2158
0, 2158
3, 2158
0, 2158
7, 2158
0, 2158
6, 2158
0, 2158
0, 2158
0, 2158
0, 2158
0, 2158
0, 2158
0, 2158
0, 2158
0, 2158
0, 2158
0, 2158
0, 2158
24, 2158
0, 2158
0, 2158
0, 2158
0, 2158
0, 2158
0, 2158
0, 2158
0, 2158
0, 2158
0, 2158
0, 2158
0, 2158
0, 2158
0, 2158
24, 2158
0, 2158
30, 2158
0, 2158
0, 2158
0, 2158
0, 2158
26, 2158
0, 2158
0, 2158
5, 2158
0, 2158
2, 2158
2, 2158
0, 2158
0, 2158
0, 2158
0, 2158
0, 2158
0, 2158
0, 2158
0, 2158
0, 2158
0, 2158
0, 2158
0, 2158
0, 2158
0, 2158
0, 2158
0, 2158
0, 2158
0, 2158
0, 2158
0, 2158
0, 2158
0, 2158
0, 2158
0, 2158
0, 2158
0, 2158
0, 2158
0, 2158
0, 2158
0, 2158
0, 2158
0, 2158
0, 2158
0, 2158
0, 2158
0, 2158
0, 2158
0, 2158
0, 2158
0, 2158
0, 2158
0, 2158
0, 2158
0, 2158
0, 2158
0, 2158
0, 2158
0, 2158
0, 2158
0, 2158
0, 2158
0, 2158
0, 2158
0, 2158
0, 2158
0, 2158
0, 2158
0, 2158
0, 2158
0, 2158
0, 2158
0, 2158
0, 2158
0, 2158
0, 2158
0, 2158
0, 2158
0, 2158
0, 2158
0, 2158
0, 2158
0, 2158
0, 2158
0, 2158
0, 2158
0, 2158
0, 2158
0, 2158
0, 2158
0, 2158
0, 2158
0, 2158
0, 2158
0, 2158
0, 2158
0, 2158
0, 2158
0, 2158
0, 2158
0, 2158
0, 2158
0, 2158
0, 2158
0, 2158
0, 2158
0, 2158
0, 2158
0, 2158
0, 2158
0, 2158
0, 2158
0, 2158
0, 2158
0, 2158
0, 2158
0, 2158
0, 2158
0, 2158
0, 2158
0, 2158
0, 2158
0, 2158
0, 2158
0, 2158
0, 2158
0, 2158
0, 2158
0, 2158
0, 2158
0, 2158
0, 2158
0, 2158
0, 2158
0, 2158
0, 2158
0, 2158
0, 2158
0, 2158
0, 2158
0, 2158
0, 2158
0, 2158
0, 2158
0, 2158
0, 2158
0, 2158
0, 2158
0, 2158
0, 2158
0, 2158
0, 2158
0, 2158
0, 2158
0, 2158
0, 2158
3, 2158
0, 2158
8, 2158
7, 2158
7, 2158
8, 2158
0, 2158
0, 2158
0, 2158
0, 2158
0, 2158
0, 2158
0, 2158
0, 2158
0, 2158
0, 2158
2, 2158
6, 2158
2, 2158
0, 2158
0, 2158
0, 2158
0, 2158
0, 2158
3, 2158
2, 2158
2, 2158
3, 2158
5, 2158
0, 2158
0, 2158
0, 2158
0, 2158
0, 2158
15, 2158
1, 2158
1, 2158
5, 2158
5, 2158
0, 2158
0, 2158
0, 2158
0, 2158
0, 2158
0, 2158
0, 2158
0, 2158
3, 2158
3, 2158
2, 2158
3, 2158
3, 2158
0, 2158
0, 2158
0, 2158
0, 2158
5, 2158
3, 2158
3, 2158
0, 2158
0, 2158
0, 2158
0, 2158
0, 2158
0, 2158
0, 2158
0, 2158
0, 2158
2, 2158
8, 2158
3, 2158
3, 2158
2, 2158
2, 2158
0, 2158
0, 2158
0, 2158
0, 2158
0, 2158
0, 2158
1, 2158
4, 2158
8, 2158
2, 2158
2, 2158
0, 2158
0, 2158
3, 2158
3, 2158
0, 2158
0, 2158
0, 2158
0, 2158
0, 2158
1, 2158
6, 2158
3, 2158
2, 2158
0, 2158
2, 2158
0, 2158
0, 2158
0, 2158
0, 2158
0, 2158
0, 2158
0, 2158
0, 2158
2, 2158
0, 2158
3, 2158
0, 2158
0, 2158
5, 2158
5, 2158
5, 2158
5, 2158
0, 2158
0, 2158
0, 2158
0, 2158
0, 2158
0, 2158
0, 2158
0, 2158
3, 2158
0, 2158
4, 2158
0, 2158
0, 2158
0, 2158
0, 2158
0, 2158
0, 2158
0, 2158
0, 2158
0, 2158
0, 2158
2, 2158
4, 2158
3, 2158
0, 2158
0, 2158
5, 2158
3, 2158
0, 2158
0, 2158
0, 2158
1, 2158
6, 2158
2, 2158
0, 2158
24, 2158
4, 2158
9, 2158
0, 2158
0, 2158
0, 2158
2, 2158
3, 2158
0, 2158
0, 2158
0, 2158
4, 2158
3, 2158
3, 2158
3, 2158
2, 2158
2, 2158
0, 2158
3, 2158
0, 2158
0, 2158
0, 2158
0, 2158
0, 2158
0, 2158
0, 2158
0, 2158
4, 2158
4, 2158
2, 2158
0, 2158
0, 2158
0, 2158
0, 2158
0, 2158
0, 2158
2, 2158
4, 2158
3, 2158
2, 2158
3, 2158
0, 2158
0, 2158
0, 2158
0, 2158
0, 2158
2, 2158
2, 2158
0, 2158
0, 2158
0, 2158
0, 2158
3, 2158
3, 2158
0, 2158
0, 2158
0, 2158
0, 2158
3, 2158
3, 2158
3, 2158
3, 2158
0, 2158
15, 2158
5, 2158
0, 2158
0, 2158
0, 2158
3, 2158
2, 2158
0, 2158
0, 2158
0, 2158
0, 2158
0, 2158
0, 2158
12, 2158
3, 2158
6, 2158
3, 2158
0, 2158
3, 2158
0, 2158
0, 2158
0, 2158
0, 2158
2, 2158
3, 2158
0, 2158
0, 2158
0, 2158
3, 2158
3, 2158
3, 2158
0, 2158
0, 2158
0, 2158
0, 2158
0, 2158
0, 2158
3, 2158
1, 2158
0, 2158
0, 2158
9, 2158
1, 2158
3, 2158
0, 2158
0, 2158
0, 2158
0, 2158
0, 2158
0, 2158
2, 2158
2, 2158
0, 2158
0, 2158
0, 2158
3, 2158
2, 2158
2, 2158
0, 2158
0, 2158
0, 2158
0, 2158
1, 2158
4, 2158
3, 2158
0, 2158
0, 2158
0, 2158
3, 2158
5, 2158
1, 2158
0, 2158
0, 2158
0, 2158
0, 2158
0, 2158
2, 2158
3, 2158
3, 2158
3, 2158
0, 2158
0, 2158
3, 2158
1, 2158
0, 2158
0, 2158
2, 2158
2, 2158
2, 2158
0, 2158
0, 2158
0, 2158
0, 2158
0, 2158
0, 2158
0, 2158
0, 2158
0, 2158
0, 2158
0, 2158
0, 2158
0, 2158
0, 2158
0, 2158
0, 2158
0, 2158
0, 2158
0, 2158
2, 2158
7, 2158
2, 2158
2, 2158
2, 2158
4, 2158
3, 2158
4, 2158
5, 2158
2, 2158
2, 2158
2, 2158
2, 2158
3, 2158
4, 2158
3, 2158
5, 2158
6, 2158
2, 2158
2, 2158
2, 2158
0, 2158
0, 2158
0, 2158
0, 2158
0, 2158
0, 2158
0, 2158
0, 2158
0, 2158
0, 2158
12, 2158
3, 2158
3, 2158
0, 2158
0, 2158
0, 2158
0, 2158
3, 2158
0, 2158
3, 2158
3, 2158
0, 2158
0, 2158
0, 2158
3, 2158
0, 2158
3, 2158
0, 2158
0, 2158
3, 2158
2, 2158
2, 2158
0, 2158
0, 2158
0, 2158
0, 2158
0, 2158
0, 2158
0, 2158
14, 2158
0, 2158
6, 2158
3, 2158
3, 2158
2, 2158
2, 2158
0, 2158
0, 2158
3, 2158
1, 2158
0, 2158
0, 2158
0, 2158
5, 2158
2, 2158
10, 2158
0, 2158
10, 2158
0, 2158
0, 2158
0, 2158
0, 2158
0, 2158
0, 2158
0, 2158
0, 2158
0, 2158
0, 2158
0, 2158
0, 2158
0, 2158
0, 2158
0, 2158
2, 2158
3, 2158
0, 2158
0, 2158
0, 2158
23, 2158
1, 2158
5, 2158
10, 2158
0, 2158
0, 2158
0, 2158
0, 2158
0, 2158
0, 2158
0, 2158
0, 2158
0, 2158
0, 2158
0, 2158
0, 2158
0, 2158
0, 2158
0, 2158
2, 2158
2, 2158
7, 2158
2, 2158
2, 2158
0, 2158
0, 2158
2, 2158
6, 2158
2, 2158
0, 2158
0, 2158
2, 2158
2, 2158
2, 2158
2, 2158
2, 2158
0, 2158
0, 2158
3, 2158
3, 2158
0, 2158
0, 2158
0, 2158
1, 2158
6, 2158
2, 2158
0, 2158
0, 2158
0, 2158
0, 2158
0, 2158
0, 2158
2, 2158
2, 2158
2, 2158
0, 2158
0, 2158
0, 2158
2, 2158
3, 2158
3, 2158
0, 2158
0, 2158
2, 2158
3, 2158
0, 2158
0, 2158
0, 2158
0, 2158
0, 2158
0, 2158
3, 2158
2, 2158
3, 2158
3, 2158
3, 2158
3, 2158
0, 2158
0, 2158
0, 2158
0, 2158
0, 2158
3, 2158
2, 2158
0, 2158
0, 2158
0, 2158
3, 2158
7, 2158
2, 2158
0, 2158
0, 2158
0, 2158
0, 2158
0, 2158
0, 2158
3, 2158
4, 2158
3, 2158
0, 2158
0, 2158
0, 2158
2, 2158
3, 2158
3, 2158
0, 2158
0, 2158
0, 2158
0, 2158
0, 2158
0, 2158
0, 2158
0, 2158
0, 2158
0, 2158
0, 2158
0, 2158
3, 2158
6, 2158
3, 2158
5, 2158
5, 2158
2, 2158
3, 2158
3, 2158
2, 2158
8, 2158
3, 2158
1, 2158
0, 2158
0, 2158
0, 2158
0, 2158
0, 2158
4, 2158
7, 2158
1, 2158
0, 2158
0, 2158
0, 2158
0, 2158
0, 2158
5, 2158
3, 2158
3, 2158
3, 2158
0, 2158
0, 2158
0, 2158
0, 2158
0, 2158
0, 2158
5, 2158
0, 2158
2, 2158
2, 2158
0, 2158
0, 2158
4, 2158
0, 2158
0, 2158
0, 2158
0, 2158
0, 2158
0, 2158
0, 2158
1, 2158
7, 2158
2, 2158
0, 2158
0, 2158
0, 2158
0, 2158
4, 2158
0, 2158
4, 2158
4, 2158
0, 2158
0, 2158
0, 2158
0, 2158
0, 2158
0, 2158
0, 2158
0, 2158
2, 2158
6, 2158
3, 2158
0, 2158
0, 2158
4, 2158
0, 2158
6, 2158
0, 2158
6, 2158
0, 2158
0, 2158
0, 2158
0, 2158
0, 2158
0, 2158
0, 2158
0, 2158
0, 2158
0, 2158
2, 2158
6, 2158
2, 2158
0, 2158
6, 2158
4, 2158
4, 2158
4, 2158
0, 2158
0, 2158
0, 2158
0, 2158
0, 2158
0, 2158
4, 2158
7, 2158
1, 2158
0, 2158
0, 2158
0, 2158
0, 2158
0, 2158
1, 2158
1, 2158
0, 2158
2, 2158
0, 2158
0, 2158
0, 2158
0, 2158
0, 2158
0, 2158
0, 2158
0, 2158
0, 2158
0, 2158
0, 2158
0, 2158
0, 2158
0, 2158
0, 2158
0, 2158
0, 2158
0, 2158
0, 2158
0, 2158
0, 2158
0, 2158
0, 2158
0, 2158
0, 2158
0, 2158
0, 2158
0, 2158
0, 2158
0, 2158
0, 2158
0, 2158
0, 2158
0, 2158
0, 2158
0, 2158
0, 2158
0, 2158
0, 2158
0, 2158
3, 2158
3, 2158
5, 2158
3, 2158
3, 2158
2, 2158
2, 2158
9, 2158
2, 2158
2, 2158
3, 2158
3, 2158
4, 2158
3, 2158
5, 2158
2, 2158
2, 2158
2, 2158
4, 2158
4, 2158
2, 2158
4, 2158
3, 2158
3, 2158
2, 2158
3, 2158
1, 2158
1, 2158
2, 2158
3, 2158
4, 2158
7, 2158
3, 2158
2, 2158
4, 2158
3, 2158
2, 2158
2, 2158
1, 2158
3, 2158
3, 2158
2, 2158
2, 2158
3, 2158
5, 2158
5, 2158
0, 2158
2, 2158
11, 2158
2, 2158
4, 2158
0, 2158
0, 2158
0, 2158
0, 2158
0, 2158
0, 2158
0, 2158
0, 2158
0, 2158
0, 2158
0, 2158
0, 2158
0, 2158
0, 2158
0, 2158
0, 2158
0, 2158
0, 2158
0, 2158
0, 2158
0, 2158
0, 2158
0, 2158
9, 2158
3, 2158
3, 2158
1, 2158
0, 2158
0, 2158
0, 2158
0, 2158
0, 2158
0, 2158
4, 2158
3, 2158
3, 2158
0, 2158
0, 2158
0, 2158
0, 2158
4, 2158
3, 2158
6, 2158
3, 2158
0, 2158
0, 2158
0, 2158
0, 2158
3, 2158
5, 2158
10, 2158
2, 2158
2, 2158
0, 2158
0, 2158
0, 2158
0, 2158
3, 2158
2, 2158
2, 2158
0, 2158
0, 2158
0, 2158
0, 2158
0, 2158
2, 2158
5, 2158
0, 2158
0, 2158
0, 2158
0, 2158
3, 2158
6, 2158
0, 2158
0, 2158
0, 2158
0, 2158
6, 2158
2, 2158
2, 2158
0, 2158
6, 2158
3, 2158
6, 2158
3, 2158
0, 2158
0, 2158
0, 2158
0, 2158
0, 2158
2, 2158
5, 2158
1, 2158
0, 2158
0, 2158
0, 2158
0, 2158
0, 2158
4, 2158
3, 2158
3, 2158
3, 2158
0, 2158
0, 2158
3, 2158
2, 2158
0, 2158
0, 2158
0, 2158
0, 2158
4, 2158
1, 2158
6, 2158
5, 2158
5, 2158
0, 2158
0, 2158
0, 2158
0, 2158
0, 2158
0, 2158
0, 2158
0, 2158
5, 2158
3, 2158
3, 2158
12, 2158
0, 2158
0, 2158
11, 2158
0, 2158
0, 2158
0, 2158
0, 2158
0, 2158
0, 2158
0, 2158
0, 2158
0, 2158
0, 2158
0, 2158
0, 2158
0, 2158
0, 2158
0, 2158
0, 2158
0, 2158
0, 2158
0, 2158
4, 2158
0, 2158
3, 2158
0, 2158
0, 2158
0, 2158
0, 2158
0, 2158
0, 2158
0, 2158
3, 2158
4, 2158
0, 2158
0, 2158
0, 2158
0, 2158
3, 2158
3, 2158
3, 2158
2, 2158
0, 2158
0, 2158
0, 2158
0, 2158
0, 2158
0, 2158
5, 2158
5, 2158
9, 2158
0, 2158
0, 2158
0, 2158
4, 2158
3, 2158
5, 2158
3, 2158
0, 2158
0, 2158
0, 2158
0, 2158
6, 2158
0, 2158
3, 2158
0, 2158
0, 2158
0, 2158
0, 2158
0, 2158
8, 2158
4, 2158
6, 2158
2, 2158
0, 2158
0, 2158
0, 2158
0, 2158
3, 2158
0, 2158
2, 2158
3, 2158
0, 2158
0, 2158
0, 2158
0, 2158
0, 2158
3, 2158
6, 2158
1, 2158
0, 2158
0, 2158
0, 2158
3, 2158
2, 2158
3, 2158
0, 2158
0, 2158
0, 2158
0, 2158
38, 2158
7, 2158
7, 2158
0, 2158
0, 2158
0, 2158
22, 2158
0, 2158
0, 2158
0, 2158
0, 2158
0, 2158
0, 2158
0, 2158
0, 2158
0, 2158
0, 2158
0, 2158
0, 2158
14, 2158
0, 2158
0, 2158
0, 2158
0, 2158
0, 2158
0, 2158
0, 2158
0, 2158
0, 2158
0, 2158
0, 2158
0, 2158
0, 2158
0, 2158
0, 2158
0, 2158
0, 2158
0, 2158
0, 2158
0, 2158
0, 2158
0, 2158
0, 2158
0, 2158
0, 2158
4, 2158
2, 2158
2, 2158
0, 2158
0, 2158
0, 2158
28, 2158
2, 2158
1, 2158
0, 2158
0, 2158
4, 2158
0, 2158
8, 2158
4, 2158
0, 2158
0, 2158
0, 2158
0, 2158
0, 2158
0, 2158
0, 2158
0, 2158
2, 2158
2, 2158
3, 2158
3, 2158
0, 2158
0, 2158
0, 2158
0, 2158
38, 2158
3, 2158
1, 2158
0, 2158
0, 2158
3, 2158
1, 2158
0, 2158
0, 2158
0, 2158
1, 2158
1, 2158
0, 2158
0, 2158
0, 2158
0, 2158
0, 2158
2, 2158
2, 2158
2, 2158
4, 2158
2, 2158
0, 2158
0, 2158
0, 2158
0, 2158
3, 2158
1, 2158
0, 2158
0, 2158
4, 2158
2, 2158
2, 2158
0, 2158
0, 2158
0, 2158
3, 2158
3, 2158
6, 2158
0, 2158
0, 2158
0, 2158
0, 2158
0, 2158
0, 2158
6, 2158
0, 2158
3, 2158
3, 2158
0, 2158
0, 2158
0, 2158
0, 2158
3, 2158
0, 2158
2, 2158
0, 2158
0, 2158
0, 2158
0, 2158
5, 2158
3, 2158
0, 2158
13, 2158
14, 2158
0, 2158
13, 2158
0, 2158
0, 2158
13, 2158
14, 2158
0, 2158
0, 2158
0, 2158
0, 2158
0, 2158
0, 2158
0, 2158
0, 2158
0, 2158
0, 2158
0, 2158
0, 2158
0, 2158
0, 2158
0, 2158
0, 2158
0, 2158
0, 2158
5, 2158
6, 2158
0, 2158
0, 2158
0, 2158
0, 2158
0, 2158
1, 2158
6, 2158
0, 2158
0, 2158
0, 2158
0, 2158
0, 2158
4, 2158
3, 2158
6, 2158
0, 2158
0, 2158
0, 2158
1, 2158
1, 2158
0, 2158
0, 2158
36, 2158
5, 2158
0, 2158
0, 2158
0, 2158
1, 2158
8, 2158
0, 2158
6, 2158
0, 2158
4, 2158
0, 2158
0, 2158
0, 2158
0, 2158
0, 2158
0, 2158
0, 2158
4, 2158
2, 2158
0, 2158
0, 2158
0, 2158
0, 2158
